
                  (0): 196.967, 196.967, 196.967, 196.967
                  (0): "amu"
                  (0,0): 2.37361e-16, 3.31223e-15, 2.71604e-12,
                  (1,0): 2.08153, 2.08153, 2.71485e-12,
                  (2,0): 2.08153, 8.97297e-16, 2.08153,
                  (3,0): 6.97342e-16, 2.08153, 2.08153
                  (0): "Ang"
                  (0): 79, 79, 79, 79
                     (0,0): -4.05912e-19, 4.16307, -2.59841e-19,
                     (1,0): -8.08267e-19, -2.59841e-19, 4.16307,
                     (2,0): 4.16307, -4.05912e-19, -8.08267e-19
                     (0): "Ang"
                     (0): 0, 0, 0
                     (0): "Ang"
                     (0,0): -4.05912e-19, 4.16307, -2.59841e-19,
                     (1,0): -8.08267e-19, -2.59841e-19, 4.16307,
                     (2,0): 4.16307, -4.05912e-19, -8.08267e-19
                     (0): "Ang"
                  (0): 196.967, 196.967, 196.967, 196.967
                  (0): "amu"
                  (0,0): 1.0555e-08, 1.06855e-08, 1.31548e-08,
                  (1,0): 2.12753, 2.12753, 6.47571e-08,
                  (2,0): 2.12753, -8.41797e-08, 2.12753,
                  (3,0): 1.42037e-08, 2.12753, 2.12753
                  (0): "Ang"
                  (0): 79, 79, 79, 79
                     (0,0): -3.58488e-19, 4.25506, -2.09189e-19,
                     (1,0): -8.8175e-19, -2.09189e-19, 4.25506,
                     (2,0): 4.25506, -3.58488e-19, -8.8175e-19
                     (0): "Ang"
                     (0): 0, 0, 0
                     (0): "Ang"
                     (0,0): -3.58488e-19, 4.25506, -2.09189e-19,
                     (1,0): -8.8175e-19, -2.09189e-19, 4.25506,
                     (2,0): 4.25506, -3.58488e-19, -8.8175e-19
                     (0): "Ang"
                  (0): 196.967, 196.967, 196.967, 196.967, 196.967, 196.967,
                  (6): 196.967, 196.967, 196.967, 196.967, 196.967, 196.967,
                  (12): 196.967, 196.967, 196.967, 196.967, 196.967, 196.967,
                  (18): 196.967, 196.967, 196.967, 196.967, 196.967, 196.967,
                  (24): 196.967, 196.967, 196.967, 196.967, 196.967, 196.967,
                  (30): 196.967, 196.967, 196.967, 196.967, 196.967, 196.967,
                  (36): 196.967, 196.967, 196.967, 196.967, 196.967, 196.967,
                  (42): 196.967, 196.967, 196.967, 196.967, 196.967, 196.967,
                  (48): 196.967, 196.967, 196.967, 196.967, 196.967, 196.967,
                  (54): 196.967, 196.967, 196.967, 196.967, 196.967, 196.967,
                  (60): 196.967, 196.967, 196.967, 196.967, 196.967, 196.967,
                  (66): 196.967, 196.967, 196.967, 196.967, 196.967, 196.967,
                  (72): 196.967, 196.967, 196.967, 196.967, 196.967, 196.967,
                  (78): 196.967, 196.967, 196.967, 196.967, 196.967, 196.967,
                  (84): 196.967, 196.967, 196.967, 196.967, 196.967, 196.967,
                  (90): 196.967, 196.967, 196.967, 196.967, 196.967, 196.967,
                  (96): 196.967, 196.967, 196.967, 196.967, 196.967, 196.967,
                  (102): 196.967, 196.967, 196.967, 196.967, 196.967,
                  (107): 196.967, 196.967, 196.967, 196.967, 196.967,
                  (112): 196.967, 196.967, 196.967, 196.967, 196.967,
                  (117): 196.967, 196.967, 196.967, 196.967, 196.967,
                  (122): 196.967, 196.967, 196.967, 196.967, 196.967,
                  (127): 196.967, 196.967, 196.967, 196.967, 196.967,
                  (132): 196.967, 196.967, 196.967, 196.967, 196.967,
                  (137): 196.967, 196.967, 196.967, 196.967, 196.967,
                  (142): 196.967, 196.967, 196.967, 196.967, 196.967,
                  (147): 196.967, 196.967, 196.967, 196.967, 196.967,
                  (152): 196.967, 196.967, 196.967, 196.967, 196.967,
                  (157): 196.967, 196.967, 196.967, 196.967, 196.967,
                  (162): 196.967, 196.967, 196.967, 196.967, 196.967,
                  (167): 196.967, 196.967, 196.967, 196.967, 196.967,
                  (172): 196.967, 196.967, 196.967, 196.967, 196.967,
                  (177): 196.967, 196.967, 196.967, 196.967, 196.967,
                  (182): 196.967, 196.967, 196.967, 196.967, 196.967,
                  (187): 196.967, 196.967, 196.967, 196.967, 196.967,
                  (192): 196.967, 196.967, 196.967, 196.967, 196.967,
                  (197): 196.967, 196.967, 196.967, 196.967, 196.967,
                  (202): 196.967, 196.967, 196.967, 196.967, 196.967,
                  (207): 196.967, 196.967, 196.967, 196.967, 196.967,
                  (212): 196.967, 196.967, 196.967, 196.967, 32.065, 32.065,
                  (218): 32.065, 32.065, 32.065, 32.065, 32.065, 32.065,
                  (224): 32.065, 32.065, 32.065, 32.065, 32.065, 32.065,
                  (230): 32.065, 32.065, 32.065, 32.065, 32.065, 32.065,
                  (236): 32.065, 32.065, 32.065, 32.065, 95.94, 95.94, 95.94,
                  (243): 95.94, 95.94, 95.94, 95.94, 95.94, 95.94, 95.94,
                  (250): 95.94, 95.94, 95.94, 95.94, 95.94, 95.94, 95.94,
                  (257): 95.94, 95.94, 95.94, 95.94, 95.94, 95.94, 95.94,
                  (264): 32.065, 32.065, 32.065, 32.065, 32.065, 32.065,
                  (270): 32.065, 32.065, 32.065, 32.065, 32.065, 32.065,
                  (276): 32.065, 32.065, 32.065, 32.065, 32.065, 32.065,
                  (282): 32.065, 32.065, 32.065, 32.065, 32.065, 32.065
                  (0): "amu"
                  (0,0): 2.11349, 2.70942e-12, 25.5,
                  (1,0): 6.34048, 2.70942e-12, 25.5,
                  (2,0): 10.5675, 2.70942e-12, 25.5,
                  (3,0): 6.07678e-17, -2.07661, 25.5,
                  (4,0): 4.22698, -2.07661, 25.5,
                  (5,0): 8.45397, -2.07661, 25.5,
                  (6,0): 2.11349, -4.15322, 25.5,
                  (7,0): 6.34048, -4.15322, 25.5,
                  (8,0): 10.5675, -4.15322, 25.5,
                  (9,0): 1.82303e-16, -6.22983, 25.5,
                  (10,0): 4.22698, -6.22983, 25.5,
                  (11,0): 8.45397, -6.22983, 25.5,
                  (12,0): 2.11349, -8.30644, 25.5,
                  (13,0): 6.34048, -8.30644, 25.5,
                  (14,0): 10.5675, -8.30644, 25.5,
                  (15,0): 3.03839e-16, -10.383, 25.5,
                  (16,0): 4.22698, -10.383, 25.5,
                  (17,0): 8.45397, -10.383, 25.5,
                  (18,0): 2.11349, -12.4597, 25.5,
                  (19,0): 6.34048, -12.4597, 25.5,
                  (20,0): 10.5675, -12.4597, 25.5,
                  (21,0): 4.25375e-16, -14.5363, 25.5,
                  (22,0): 4.22698, -14.5363, 25.5,
                  (23,0): 8.45397, -14.5363, 25.5,
                  (24,0): -7.92858e-29, 2.70942e-12, 27.5815,
                  (25,0): 4.22698, 2.70942e-12, 27.5815,
                  (26,0): 8.45397, 2.70942e-12, 27.5815,
                  (27,0): 2.11349, -2.07661, 27.5815,
                  (28,0): 6.34048, -2.07661, 27.5815,
                  (29,0): 10.5675, -2.07661, 27.5815,
                  (30,0): 1.21536e-16, -4.15322, 27.5815,
                  (31,0): 4.22698, -4.15322, 27.5815,
                  (32,0): 8.45397, -4.15322, 27.5815,
                  (33,0): 2.11349, -6.22983, 27.5815,
                  (34,0): 6.34048, -6.22983, 27.5815,
                  (35,0): 10.5675, -6.22983, 27.5815,
                  (36,0): 2.43071e-16, -8.30644, 27.5815,
                  (37,0): 4.22698, -8.30644, 27.5815,
                  (38,0): 8.45397, -8.30644, 27.5815,
                  (39,0): 2.11349, -10.383, 27.5815,
                  (40,0): 6.34048, -10.383, 27.5815,
                  (41,0): 10.5675, -10.383, 27.5815,
                  (42,0): 3.64607e-16, -12.4597, 27.5815,
                  (43,0): 4.22698, -12.4597, 27.5815,
                  (44,0): 8.45397, -12.4597, 27.5815,
                  (45,0): 2.11349, -14.5363, 27.5815,
                  (46,0): 6.34048, -14.5363, 27.5815,
                  (47,0): 10.5675, -14.5363, 27.5815,
                  (48,0): 2.11349, 2.70942e-12, 29.6631,
                  (49,0): 6.34048, 2.70942e-12, 29.6631,
                  (50,0): 10.5675, 2.70942e-12, 29.6631,
                  (51,0): 6.07678e-17, -2.07661, 29.6631,
                  (52,0): 4.22698, -2.07661, 29.6631,
                  (53,0): 8.45397, -2.07661, 29.6631,
                  (54,0): 2.11349, -4.15322, 29.6631,
                  (55,0): 6.34048, -4.15322, 29.6631,
                  (56,0): 10.5675, -4.15322, 29.6631,
                  (57,0): 1.82303e-16, -6.22983, 29.6631,
                  (58,0): 4.22698, -6.22983, 29.6631,
                  (59,0): 8.45397, -6.22983, 29.6631,
                  (60,0): 2.11349, -8.30644, 29.6631,
                  (61,0): 6.34048, -8.30644, 29.6631,
                  (62,0): 10.5675, -8.30644, 29.6631,
                  (63,0): 3.03839e-16, -10.383, 29.6631,
                  (64,0): 4.22698, -10.383, 29.6631,
                  (65,0): 8.45397, -10.383, 29.6631,
                  (66,0): 2.11349, -12.4597, 29.6631,
                  (67,0): 6.34048, -12.4597, 29.6631,
                  (68,0): 10.5675, -12.4597, 29.6631,
                  (69,0): 4.25375e-16, -14.5363, 29.6631,
                  (70,0): 4.22698, -14.5363, 29.6631,
                  (71,0): 8.45397, -14.5363, 29.6631,
                  (72,0): -7.92858e-29, 2.70942e-12, 6.2446,
                  (73,0): 4.22698, 2.70942e-12, 6.2446,
                  (74,0): 8.45397, 2.70942e-12, 6.2446,
                  (75,0): 2.11349, -2.07661, 6.2446,
                  (76,0): 6.34048, -2.07661, 6.2446,
                  (77,0): 10.5675, -2.07661, 6.2446,
                  (78,0): 1.21536e-16, -4.15322, 6.2446,
                  (79,0): 4.22698, -4.15322, 6.2446,
                  (80,0): 8.45397, -4.15322, 6.2446,
                  (81,0): 2.11349, -6.22983, 6.2446,
                  (82,0): 6.34048, -6.22983, 6.2446,
                  (83,0): 10.5675, -6.22983, 6.2446,
                  (84,0): 2.43071e-16, -8.30644, 6.2446,
                  (85,0): 4.22698, -8.30644, 6.2446,
                  (86,0): 8.45397, -8.30644, 6.2446,
                  (87,0): 2.11349, -10.383, 6.2446,
                  (88,0): 6.34048, -10.383, 6.2446,
                  (89,0): 10.5675, -10.383, 6.2446,
                  (90,0): 3.64607e-16, -12.4597, 6.2446,
                  (91,0): 4.22698, -12.4597, 6.2446,
                  (92,0): 8.45397, -12.4597, 6.2446,
                  (93,0): 2.11349, -14.5363, 6.2446,
                  (94,0): 6.34048, -14.5363, 6.2446,
                  (95,0): 10.5675, -14.5363, 6.2446,
                  (96,0): 2.11349, 2.70942e-12, 8.32614,
                  (97,0): 6.34048, 2.70942e-12, 8.32614,
                  (98,0): 10.5675, 2.70942e-12, 8.32614,
                  (99,0): 6.07678e-17, -2.07661, 8.32614,
                  (100,0): 4.22698, -2.07661, 8.32614,
                  (101,0): 8.45397, -2.07661, 8.32614,
                  (102,0): 2.11349, -4.15322, 8.32614,
                  (103,0): 6.34048, -4.15322, 8.32614,
                  (104,0): 10.5675, -4.15322, 8.32614,
                  (105,0): 1.82303e-16, -6.22983, 8.32614,
                  (106,0): 4.22698, -6.22983, 8.32614,
                  (107,0): 8.45397, -6.22983, 8.32614,
                  (108,0): 2.11349, -8.30644, 8.32614,
                  (109,0): 6.34048, -8.30644, 8.32614,
                  (110,0): 10.5675, -8.30644, 8.32614,
                  (111,0): 3.03839e-16, -10.383, 8.32614,
                  (112,0): 4.22698, -10.383, 8.32614,
                  (113,0): 8.45397, -10.383, 8.32614,
                  (114,0): 2.11349, -12.4597, 8.32614,
                  (115,0): 6.34048, -12.4597, 8.32614,
                  (116,0): 10.5675, -12.4597, 8.32614,
                  (117,0): 4.25375e-16, -14.5363, 8.32614,
                  (118,0): 4.22698, -14.5363, 8.32614,
                  (119,0): 8.45397, -14.5363, 8.32614,
                  (120,0): -7.92858e-29, 2.70942e-12, 10.4077,
                  (121,0): 4.22698, 2.70942e-12, 10.4077,
                  (122,0): 8.45397, 2.70942e-12, 10.4077,
                  (123,0): 2.11349, -2.07661, 10.4077,
                  (124,0): 6.34048, -2.07661, 10.4077,
                  (125,0): 10.5675, -2.07661, 10.4077,
                  (126,0): 1.21536e-16, -4.15322, 10.4077,
                  (127,0): 4.22698, -4.15322, 10.4077,
                  (128,0): 8.45397, -4.15322, 10.4077,
                  (129,0): 2.11349, -6.22983, 10.4077,
                  (130,0): 6.34048, -6.22983, 10.4077,
                  (131,0): 10.5675, -6.22983, 10.4077,
                  (132,0): 2.43071e-16, -8.30644, 10.4077,
                  (133,0): 4.22698, -8.30644, 10.4077,
                  (134,0): 8.45397, -8.30644, 10.4077,
                  (135,0): 2.11349, -10.383, 10.4077,
                  (136,0): 6.34048, -10.383, 10.4077,
                  (137,0): 10.5675, -10.383, 10.4077,
                  (138,0): 3.64607e-16, -12.4597, 10.4077,
                  (139,0): 4.22698, -12.4597, 10.4077,
                  (140,0): 8.45397, -12.4597, 10.4077,
                  (141,0): 2.11349, -14.5363, 10.4077,
                  (142,0): 6.34048, -14.5363, 10.4077,
                  (143,0): 10.5675, -14.5363, 10.4077,
                  (144,0): 2.11349, 2.70942e-12, 12.4892,
                  (145,0): 6.34048, 2.70942e-12, 12.4892,
                  (146,0): 10.5675, 2.70942e-12, 12.4892,
                  (147,0): 6.07678e-17, -2.07661, 12.4892,
                  (148,0): 4.22698, -2.07661, 12.4892,
                  (149,0): 8.45397, -2.07661, 12.4892,
                  (150,0): 2.11349, -4.15322, 12.4892,
                  (151,0): 6.34048, -4.15322, 12.4892,
                  (152,0): 10.5675, -4.15322, 12.4892,
                  (153,0): 1.82303e-16, -6.22983, 12.4892,
                  (154,0): 4.22698, -6.22983, 12.4892,
                  (155,0): 8.45397, -6.22983, 12.4892,
                  (156,0): 2.11349, -8.30644, 12.4892,
                  (157,0): 6.34048, -8.30644, 12.4892,
                  (158,0): 10.5675, -8.30644, 12.4892,
                  (159,0): 3.03839e-16, -10.383, 12.4892,
                  (160,0): 4.22698, -10.383, 12.4892,
                  (161,0): 8.45397, -10.383, 12.4892,
                  (162,0): 2.11349, -12.4597, 12.4892,
                  (163,0): 6.34048, -12.4597, 12.4892,
                  (164,0): 10.5675, -12.4597, 12.4892,
                  (165,0): 4.25375e-16, -14.5363, 12.4892,
                  (166,0): 4.22698, -14.5363, 12.4892,
                  (167,0): 8.45397, -14.5363, 12.4892,
                  (168,0): -7.92858e-29, 2.70942e-12, 14.5707,
                  (169,0): 4.22698, 2.70942e-12, 14.5707,
                  (170,0): 8.45397, 2.70942e-12, 14.5707,
                  (171,0): 2.11349, -2.07661, 14.5707,
                  (172,0): 6.34048, -2.07661, 14.5707,
                  (173,0): 10.5675, -2.07661, 14.5707,
                  (174,0): 1.21536e-16, -4.15322, 14.5707,
                  (175,0): 4.22698, -4.15322, 14.5707,
                  (176,0): 8.45397, -4.15322, 14.5707,
                  (177,0): 2.11349, -6.22983, 14.5707,
                  (178,0): 6.34048, -6.22983, 14.5707,
                  (179,0): 10.5675, -6.22983, 14.5707,
                  (180,0): 2.43071e-16, -8.30644, 14.5707,
                  (181,0): 4.22698, -8.30644, 14.5707,
                  (182,0): 8.45397, -8.30644, 14.5707,
                  (183,0): 2.11349, -10.383, 14.5707,
                  (184,0): 6.34048, -10.383, 14.5707,
                  (185,0): 10.5675, -10.383, 14.5707,
                  (186,0): 3.64607e-16, -12.4597, 14.5707,
                  (187,0): 4.22698, -12.4597, 14.5707,
                  (188,0): 8.45397, -12.4597, 14.5707,
                  (189,0): 2.11349, -14.5363, 14.5707,
                  (190,0): 6.34048, -14.5363, 14.5707,
                  (191,0): 10.5675, -14.5363, 14.5707,
                  (192,0): 2.11349, 2.70942e-12, 16.6523,
                  (193,0): 6.34048, 2.70942e-12, 16.6523,
                  (194,0): 10.5675, 2.70942e-12, 16.6523,
                  (195,0): 6.07678e-17, -2.07661, 16.6523,
                  (196,0): 4.22698, -2.07661, 16.6523,
                  (197,0): 8.45397, -2.07661, 16.6523,
                  (198,0): 2.11349, -4.15322, 16.6523,
                  (199,0): 6.34048, -4.15322, 16.6523,
                  (200,0): 10.5675, -4.15322, 16.6523,
                  (201,0): 1.82303e-16, -6.22983, 16.6523,
                  (202,0): 4.22698, -6.22983, 16.6523,
                  (203,0): 8.45397, -6.22983, 16.6523,
                  (204,0): 2.11349, -8.30644, 16.6523,
                  (205,0): 6.34048, -8.30644, 16.6523,
                  (206,0): 10.5675, -8.30644, 16.6523,
                  (207,0): 3.03839e-16, -10.383, 16.6523,
                  (208,0): 4.22698, -10.383, 16.6523,
                  (209,0): 8.45397, -10.383, 16.6523,
                  (210,0): 2.11349, -12.4597, 16.6523,
                  (211,0): 6.34048, -12.4597, 16.6523,
                  (212,0): 10.5675, -12.4597, 16.6523,
                  (213,0): 4.25375e-16, -14.5363, 16.6523,
                  (214,0): 4.22698, -14.5363, 16.6523,
                  (215,0): 8.45397, -14.5363, 16.6523,
                  (216,0): 2.37897, -0.460878, 19.6415,
                  (217,0): 5.54921, -0.460878, 19.6415,
                  (218,0): 8.71945, -0.460878, 19.6415,
                  (219,0): 11.8897, -0.460878, 19.6415,
                  (220,0): 2.37897, -5.9985, 19.6415,
                  (221,0): 5.54921, -5.9985, 19.6415,
                  (222,0): 8.71945, -5.9985, 19.6415,
                  (223,0): 11.8897, -5.9985, 19.6415,
                  (224,0): 2.37897, -11.5361, 19.6415,
                  (225,0): 5.54921, -11.5361, 19.6415,
                  (226,0): 8.71945, -11.5361, 19.6415,
                  (227,0): 11.8897, -11.5361, 19.6415,
                  (228,0): 0.791294, -3.2308, 19.6417,
                  (229,0): 3.96153, -3.2308, 19.6417,
                  (230,0): 7.13177, -3.2308, 19.6417,
                  (231,0): 10.302, -3.2308, 19.6417,
                  (232,0): 0.791294, -8.76843, 19.6417,
                  (233,0): 3.96153, -8.76843, 19.6417,
                  (234,0): 7.13177, -8.76843, 19.6417,
                  (235,0): 10.302, -8.76843, 19.6417,
                  (236,0): 0.791294, -14.3061, 19.6417,
                  (237,0): 3.96153, -14.3061, 19.6417,
                  (238,0): 7.13177, -14.3061, 19.6417,
                  (239,0): 10.302, -14.3061, 19.6417,
                  (240,0): 0.793785, -5.07622, 21.2339,
                  (241,0): 3.96402, -5.07622, 21.2339,
                  (242,0): 7.13426, -5.07622, 21.2339,
                  (243,0): 10.3045, -5.07622, 21.2339,
                  (244,0): 0.793785, -10.6138, 21.2339,
                  (245,0): 3.96402, -10.6138, 21.2339,
                  (246,0): 7.13426, -10.6138, 21.2339,
                  (247,0): 10.3045, -10.6138, 21.2339,
                  (248,0): 0.793785, -16.1515, 21.2339,
                  (249,0): 3.96402, -16.1515, 21.2339,
                  (250,0): 7.13426, -16.1515, 21.2339,
                  (251,0): 10.3045, -16.1515, 21.2339,
                  (252,0): 2.37651, -2.30732, 21.2339,
                  (253,0): 5.54675, -2.30732, 21.2339,
                  (254,0): 8.71699, -2.30732, 21.2339,
                  (255,0): 11.8872, -2.30732, 21.2339,
                  (256,0): 2.37651, -7.84495, 21.2339,
                  (257,0): 5.54675, -7.84495, 21.2339,
                  (258,0): 8.71699, -7.84495, 21.2339,
                  (259,0): 11.8872, -7.84495, 21.2339,
                  (260,0): 2.37651, -13.3826, 21.2339,
                  (261,0): 5.54675, -13.3826, 21.2339,
                  (262,0): 8.71699, -13.3826, 21.2339,
                  (263,0): 11.8872, -13.3826, 21.2339,
                  (264,0): 0.79132, -3.23083, 22.8259,
                  (265,0): 3.96156, -3.23083, 22.8259,
                  (266,0): 7.1318, -3.23083, 22.8259,
                  (267,0): 10.302, -3.23083, 22.8259,
                  (268,0): 0.79132, -8.76845, 22.8259,
                  (269,0): 3.96156, -8.76845, 22.8259,
                  (270,0): 7.1318, -8.76845, 22.8259,
                  (271,0): 10.302, -8.76845, 22.8259,
                  (272,0): 0.79132, -14.3061, 22.8259,
                  (273,0): 3.96156, -14.3061, 22.8259,
                  (274,0): 7.1318, -14.3061, 22.8259,
                  (275,0): 10.302, -14.3061, 22.8259,
                  (276,0): 2.37899, -0.460844, 22.8261,
                  (277,0): 5.54923, -0.460844, 22.8261,
                  (278,0): 8.71947, -0.460844, 22.8261,
                  (279,0): 11.8897, -0.460844, 22.8261,
                  (280,0): 2.37899, -5.99847, 22.8261,
                  (281,0): 5.54923, -5.99847, 22.8261,
                  (282,0): 8.71947, -5.99847, 22.8261,
                  (283,0): 11.8897, -5.99847, 22.8261,
                  (284,0): 2.37899, -11.5361, 22.8261,
                  (285,0): 5.54923, -11.5361, 22.8261,
                  (286,0): 8.71947, -11.5361, 22.8261,
                  (287,0): 11.8897, -11.5361, 22.8261
                  (0): "Ang"
                  (0): 79, 79, 79, 79, 79, 79, 79, 79, 79, 79, 79, 79, 79,
                  (13): 79, 79, 79, 79, 79, 79, 79, 79, 79, 79, 79, 79, 79,
                  (26): 79, 79, 79, 79, 79, 79, 79, 79, 79, 79, 79, 79, 79,
                  (39): 79, 79, 79, 79, 79, 79, 79, 79, 79, 79, 79, 79, 79,
                  (52): 79, 79, 79, 79, 79, 79, 79, 79, 79, 79, 79, 79, 79,
                  (65): 79, 79, 79, 79, 79, 79, 79, 79, 79, 79, 79, 79, 79,
                  (78): 79, 79, 79, 79, 79, 79, 79, 79, 79, 79, 79, 79, 79,
                  (91): 79, 79, 79, 79, 79, 79, 79, 79, 79, 79, 79, 79, 79,
                  (104): 79, 79, 79, 79, 79, 79, 79, 79, 79, 79, 79, 79, 79,
                  (117): 79, 79, 79, 79, 79, 79, 79, 79, 79, 79, 79, 79, 79,
                  (130): 79, 79, 79, 79, 79, 79, 79, 79, 79, 79, 79, 79, 79,
                  (143): 79, 79, 79, 79, 79, 79, 79, 79, 79, 79, 79, 79, 79,
                  (156): 79, 79, 79, 79, 79, 79, 79, 79, 79, 79, 79, 79, 79,
                  (169): 79, 79, 79, 79, 79, 79, 79, 79, 79, 79, 79, 79, 79,
                  (182): 79, 79, 79, 79, 79, 79, 79, 79, 79, 79, 79, 79, 79,
                  (195): 79, 79, 79, 79, 79, 79, 79, 79, 79, 79, 79, 79, 79,
                  (208): 79, 79, 79, 79, 79, 79, 79, 79, 16, 16, 16, 16, 16,
                  (221): 16, 16, 16, 16, 16, 16, 16, 16, 16, 16, 16, 16, 16,
                  (234): 16, 16, 16, 16, 16, 16, 42, 42, 42, 42, 42, 42, 42,
                  (247): 42, 42, 42, 42, 42, 42, 42, 42, 42, 42, 42, 42, 42,
                  (260): 42, 42, 42, 42, 16, 16, 16, 16, 16, 16, 16, 16, 16,
                  (273): 16, 16, 16, 16, 16, 16, 16, 16, 16, 16, 16, 16, 16,
                  (286): 16, 16
                     (0): 0, 1, 2, 3, 4, 5, 6, 7, 8, 9, 10, 11, 12, 13, 14,
                     (15): 15, 16, 17, 18, 19, 20, 21, 22, 23, 24, 25, 26,
                     (27): 27, 28, 29, 30, 31, 32, 33, 34, 35, 36, 37, 38,
                     (39): 39, 40, 41, 42, 43, 44, 45, 46, 47, 48, 49, 50,
                     (51): 51, 52, 53, 54, 55, 56, 57, 58, 59, 60, 61, 62,
                     (63): 63, 64, 65, 66, 67, 68, 69, 70, 71, 72, 73, 74,
                     (75): 75, 76, 77, 78, 79, 80, 81, 82, 83, 84, 85, 86,
                     (87): 87, 88, 89, 90, 91, 92, 93, 94, 95, 96, 97, 98,
                     (99): 99, 100, 101, 102, 103, 104, 105, 106, 107, 108,
                     (109): 109, 110, 111, 112, 113, 114, 115, 116, 117, 118,
                     (119): 119, 120, 121, 122, 123, 124, 125, 126, 127, 128,
                     (129): 129, 130, 131, 132, 133, 134, 135, 136, 137, 138,
                     (139): 139, 140, 141, 142, 143, 144, 145, 146, 147, 148,
                     (149): 149, 150, 151, 152, 153, 154, 155, 156, 157, 158,
                     (159): 159, 160, 161, 162, 163, 164, 165, 166, 167, 168,
                     (169): 169, 170, 171, 172, 173, 174, 175, 176, 177, 178,
                     (179): 179, 180, 181, 182, 183, 184, 185, 186, 187, 188,
                     (189): 189, 190, 191, 192, 193, 194, 195, 196, 197, 198,
                     (199): 199, 200, 201, 202, 203, 204, 205, 206, 207, 208,
                     (209): 209, 210, 211, 212, 213, 214, 215
                     (0): 256, 257, 258, 259, 260, 261, 262, 263, 264, 265,
                     (10): 266, 267, 268, 269, 270, 271, 272, 273, 274, 275,
                     (20): 276, 277, 278, 279, 280, 281, 282, 283, 284, 285,
                     (30): 286, 287, 216, 217, 218, 219, 220, 221, 222, 223,
                     (40): 224, 225, 226, 227, 228, 229, 230, 231, 232, 233,
                     (50): 234, 235, 236, 237, 238, 239, 240, 241, 242, 243,
                     (60): 244, 245, 246, 247, 248, 249, 250, 251, 252, 253,
                     (70): 254, 255
                     (0,0): 12.681, 0, 0,
                     (1,0): 0, -16.6129, 0,
                     (2,0): 0, 0, 43.7338
                     (0): "Ang"
                     (0): 0, 0, 0
                     (0): "Ang"
                     (0,0): 12.681, 0, 0,
                     (1,0): 0, -16.6129, 0,
                     (2,0): 0, 0, 43.7338
                     (0): "Ang"
                  (0): 95.94, 95.94, 32.065, 32.065, 32.065, 32.065
                  (0): "amu"
                  (0,0): 0.7901, 2.28082, 12.5,
                  (1,0): 2.3703, 5.01781, 12.5,
                  (2,0): 0.7901, 0.456163, 10.9139,
                  (3,0): 2.3703, 3.19315, 10.9139,
                  (4,0): 0.7901, 0.456163, 14.0861,
                  (5,0): 2.3703, 3.19315, 14.0861
                  (0): "Ang"
                  (0): 42, 42, 16, 16, 16, 16
                     (0,0): 3.1604, 0, 0,
                     (1,0): 0, 5.47397, 0,
                     (2,0): 0, 0, 25
                     (0): "Ang"
                     (0): 0, 0, 0
                     (0): "Ang"
                     (0,0): 3.1604, 0, 0,
                     (1,0): 0, 5.47397, 0,
                     (2,0): 0, 0, 25
                     (0): "Ang"
                  (0): 95.94, 95.94, 32.065, 32.065, 32.065, 32.065
                  (0): "amu"
                  (0,0): 0.8061, 2.32376, 12.5001,
                  (1,0): 2.41351, 5.11239, 12.5,
                  (2,0): 0.803604, 0.464163, 10.9077,
                  (3,0): 2.41604, 3.25383, 10.9078,
                  (4,0): 0.803583, 0.464129, 14.0923,
                  (5,0): 2.41601, 3.25385, 14.0921
                  (0): "Ang"
                  (0): 42, 42, 16, 16, 16, 16
                     (0,0): 3.21967, 0, 0,
                     (1,0): 0, 5.57709, 0,
                     (2,0): 0, 0, 25
                     (0): "Ang"
                     (0): 0, 0, 0
                     (0): "Ang"
                     (0,0): 3.21967, 0, 0,
                     (1,0): 0, 5.57709, 0,
                     (2,0): 0, 0, 25
                     (0): "Ang"
         (0): "/GoldLCAO.hdf5", "/Gold.hdf5", "/Molybdenite",
         (3): "/Molybdenite.hdf5", "/_stash_meta_information",
         (5): "/Interface: Gold.hdf5 Molybdenite.hdf5"
         (0): "[{"bonds_on": true, "object_id": "Gold.hdf5", "active": false}, {"bonds_on": true, "object_id": "GoldLCAO.hdf5", "active": false}, {"bonds_on": true, "object_id": "Molybdenite", "active": false}, {"bonds_on": true, "object_id": "Molybdenite.hdf5", "active": false}, {"bonds_on": true, "object_id": "Interface: Gold.hdf5 Molybdenite.hdf5", "active": true}]"